$ANSIBLE_VAULT;1.1;AES256
62656630623230613063643535373465373630386136383830323137316437303930376363656431
6335626136323032346366653834363733636336313364390a333061643662613737336438376539
36353131656333663234323337626163386532316433393431303664306232616138636136626235
3562613166336135360a366561366466386535663466303063343836333037383763306137396632
31663432303266313737653265393731366465353564323364376537613634383864376264656635
37356334653261653064316531393039666237356566336665353038616361303932313138386136
36613964396438663863333838376133353938353762383334626331396263393838326532626462
36363735383730316664363864626361323566383438626663656365316133323232643332636165
63633231386166666230636336316138343865633932343938326637396436643665336138643662
66613338616234316664623064386336373665633366323731383662646439306265343633623266
39633237393630633333366331353862633339343336396237633566376230343861653665303232
36333633653161393532396263356235626261393362643039626437613435633531663530306533
31326335333733313933343632656238346162626465303633336363353331643932663461316330
36343530633030356531356632346638323433313237393637373331666331393434343364316434
38653262393137373039396635326632653134626237356361373335646439303337653363313535
37356232313839383263636163623136663161646237623834373737636130343861656134356666
34373336663862636165303232623831323061393332353263363730616535383934636236383638
38326462326132613263356130363966303631636535623266613866326563663130393365366333
32373432383166656337643663636637313161633834393939616164333532353930633966316136
32626162643233303361303964313839313232373734393535663236633336343530383665373866
33613334323536316136646639346566653033353665613532376434613638666236373262393563
36333830323733623763333533613838666434356434316164636432346464626631386433626461
33353562303462333236393538343339316536666363386463353266323161613365626661333438
31333962393934383262373765663039633135383562383762646262656662353537656231626632
65383266396465373464363537653832306539656163656664373962663633653763666530356361
32383164363562323462316539333836616333323861613637383932663936333433623335323835
61336136663930346438633136323335616465356339666562616532343332623763643932386632
33653233633163626633316634356238666336353864353237383766656230666539303261336133
36313966313361336564363139663564363033613266383738616562353562356338383238643464
65396362323466353731346362343166316266666530636235666534366534383430356430366265
66353362313964333233383362616361346539643764376663396463313839363436313632393163
30613136633230633266663138663964656366623334306639363362636466333165633734643939
34316637396336613561303463653034643539646639393535363435343266336262306638633038
62613964646437656537356264383162633166333233376133323735653235633930363834343463
31373662626332363365653330373833643237303530393132383635396138333238303636333361
30353761633933656163333335376364356539666631396461663864653436323565636564393766
38653763646333616334323630346339343434623532383763663361656431393033636530646662
31643534316638653637336138306563646436363530363930366366653566616364373764373461
63363865346334646236633436373466663933326464393432313364636462646236376363633161
66386438656562343236663534336635636534626362303765323538383233656161613764626533
32313632646437393065653964313332313236366535613862373764653531383364396136396339
36303633363132636138643162633261356466393632623435636332393138653838643236393761
32343363333730623833626538653338643731656637656531636232636263643162393630633063
32623865663437653733323636303266363738333537356364396463313133373466636364303039
38646666633131396233636437663763613265333031383135353538633764373262333264373961
32643839346631373735643262663837386635343833333538313430373930626262383966313733
61653534333032643630376233636632316535643465333065366636373166333735363963376265
34303562653838373737663661386531613164663963666561396266323166643863356136633533
66363035336662313839663865623163336631323537383137363239646565373163633433643764
34316138306564363866393834333038373065643435306263323939633735346662353864343165
38333662376661313364343032393163663030353561646563623139393561393265333537366330
64336230383334643935313165316666633235333162313365333964663230633038616539396566
61373263646135613439336665636231316336343030353966636436336566396666343064633931
32393539363439396634616139646630323334613265653132353836303237306663373238373566
35633930653766333564363764306463323663626435353263623434666134653936356234333631
36383734626138303833633966303263623262646234396631356664303138653237383038353764
64396462623339633964646237383935346433323463666536383966303137386137313931626336
31636465333737303462386435303362396435626630323930303165393364363261326330376362
32663563323230646264636530353862346134303962643235396339626633636632353234636561
34633930653866366532383834653761623961333737663766666336303362656565376261363461
63646534663434396261366663316164383562666163383662656435633636363863366562656330
63653064613636633436376139626534376336326135646331616666633765343565663935316666
62616664343037626530646664343033393863353939343362356537616134353535613761623366
36313462343330666566393936616632366565343366643364313666383030386635656432366266
31333563636332626163623332396639333764666230656234326436366233343062346331343939
30306338326630303134636531626439303765383035336264656238353037393431363865626331
35653032623436643366613735343537333763376538653562643538396663343431613134356530
37306331303130663965323234306364616664656361353164393339353032313737626264316564
66666331313061316437316131393930343364613231626637383364653434376163653935303537
64373536626334306535386238653765663130393933386438366566333161653836666565383066
63323338653933333262306165666338626331653338393962363130336135326135313732376331
65623732326563646436346461323463656432306537633434666133633834616161613839393336
31643437386566623838626136613762356663383266353538383131336565353636383137303837
30633334396537666630353365353839626334373464333634353864383765396566643937643166
30383261616538313663383237316162306566663063383439313866393965356636636130313561
31396663666662646331316330333266343932653865626562666338386237303833646364626565
61393635323164306432356235336338663932633866333232306332333337353861356463613064
66663161366661666637313839346439373235653938346539373538356531393161613666383338
62393331353133346435373035346136316166656135303231613561343834373530363166653839
66666661323231656231633861313033306130346462396432663235623038313063373439343238
62646439323062366234623561333233653461343434616362613038323535616562363363666234
63643231386232613531666639373138346264333362303135306566386536393037323730643837
61373463356439373931326638376333366664643330353430663037303335653931366131396135
37643335663766363163383664303235643139343934343135653934366536663037316533306334
32636538353833323134306434613636356634643862643737666533306130663966303364666533
31633463636432383563653463336239366261323364643432663364396339666132653562653434
65666161623735633234306336313565366563643437323665633434316233393461633134356232
63303163353437393137623739653332313766333137333762646463343762633465313732363537
32616237303864353362653261636463346462373337663931363235313439353862383931343464
36343037653361633339316263313931356331626464383833623834353635623133643431343864
66353933336231623461373033633064346334626532306466323565623430636237656136386230
66316634353165383463613666373439323966393363336232663566623461656139356239376561
37663361323830366631623666376139616632316663373534613734666430313530393836353665
33333563303564616166646432666130636466366239323838333234333832346330386564643038
31326464646436613233393137363931646664653661636331376462653531366137303436636233
30623139336361383166643831316637383636396361623931313732303634653162343236616332
30656264653061353734653536333265613035346363323931323163616530623731633431326135
31316431656664343061346630393138376635383637373961393739313138386162323631333061
33633838383436393834366432653364303532343632623264333439333733396432613432313065
61643932666238373839386435656638303163326662346163623365343166333735333031383131
63336637333232303639366462653039633131633231323366303635303063623230303133336330
62613661383966616330386634316333333238303962636462653734383865353130656437343737
39616462386132616466643164313538623165646566623231373437633333613432616366353865
65323534303437366162343432363939363135626365356462383365393566383536616462373062
32623835376235353363363463643433613737323663613130396136396237363038613965393432
66613732663261303535393661353861346439326231393739616131343330303366646166373038
32316135373633306432636334303331386332343366323939376531353337333434303462393630
64626330356230613933613532323236313937363766373231393561636132323230323538653463
30333363663234613234633566336333626337623261386437626436653938353362613230306231
34326562323761303139393739643362326539346334613432643139333363653231306331356462
32613238376135336132363635666531383537393335316434616564356230653635326563353633
65616564306236393463626466323637316666653039396638373461386439386364303630323266
34366439343662633738663432383230383039383664656266313439346334386436653032383165
35343632383132333363646234373535363166313933626436386261366135333236303838663964
33336631363731636131303735663465306664636331643939633861316432633731303435333532
37393731623361333061376333363634393134613134613365383762393961373538313336633233
38653233626362643136303861313437353166343839653030386135343031313034333263613431
30613037636563663835343166663634653137303161313163656164303636663666303931356537
35663561303666623738636131666132653461313238626435326438633833366339333838313632
63336236346561376262623066393234353230373565323630393461363063646632333661373338
66303038623230613462363734616235306333646261356639306630306331656366643835626361
38613936643063373132663462643961396238393835393936316130393137333035363236633537
37656235663663343233326261396535613361376163323732373461373239326136356161656566
66373861663138356235323835316132376164396461323662653366393066666535343764656663
36613731623364623161383263363334386530373132373566353166623661646563376436396534
66653863636134653839333364393662353935616130346330396332623864373933666534323063
61613436646264333133616633346534376137393436633334386230393733373264396334643264
31633932653838643561323865323665633535303836343337356366313766363066646631303435
34386631363434303263333161616437386239666435653930663639396566353236343037333130
61316436633730656135363164363165393339623337303432303130316564633134333731653062
33316164643837303834313934303839353934366336393130633932623165396262633036373133
64313236326533353539616339626434653932626166613639613435346631343464303536633131
35626539356531306632623937613237666166353231633765633433376138323363663361306338
3661646130623733396337366463386135343731663232303634
